x		y
1		1
mz		int
200.00		0
200.20		0
200.40		0
200.60		0
200.80		0
201.00		0
201.20		0
201.40		2
201.60		0
201.80		2
202.00		0
202.20		0
202.40		0
202.60		0
202.80		0
203.00		0
203.20		0
203.40		0
203.60		0
203.80		0
204.00		0
204.20		0
204.40		0
204.60		0
204.80		0
205.00		0
205.20		0
205.40		0
205.60		0
205.80		0
206.00		0
206.20		0
206.40		0
206.60		0
206.80		0
207.00		0
207.20		0
207.40		0
207.60		0
207.80		0
208.00		0
208.20		0
208.40		0
208.60		0
208.80		0
209.00		0
209.20		0
209.40		0
209.60		2
209.80		0
210.00		0
210.20		0
210.40		0
210.60		0
210.80		0
211.00		0
211.20		0
211.40		0
211.60		0
211.80		0
212.00		0
212.20		0
212.40		0
212.60		0
212.80		0
213.00		0
213.20		0
213.40		0
213.60		0
213.80		0
214.00		0
214.20		0
214.40		0
214.60		0
214.80		0
215.00		0
215.20		0
215.40		0
215.60		0
215.80		0
216.00		0
216.20		0
216.40		0
216.60		0
216.80		0
217.00		0
217.20		0
217.40		2
217.60		0
217.80		0
218.00		0
218.20		0
218.40		0
218.60		0
218.80		0
219.00		0
219.20		0
219.40		0
219.60		0
219.80		0
220.00		0
220.20		0
220.40		0
220.60		0
220.80		0
221.00		0
221.20		0
221.40		0
221.60		0
221.80		0
222.00		0
222.20		0
222.40		0
222.60		0
222.80		0
223.00		0
223.20		0
223.40		0
223.60		0
223.80		0
224.00		0
224.20		0
224.40		0
224.60		0
224.80		0
225.00		0
225.20		0
225.40		0
225.60		0
225.80		0
226.00		0
226.20		0
226.40		0
226.60		0
226.80		0
227.00		0
227.20		0
227.40		0
227.60		0
227.80		0
228.00		0
228.20		0
228.40		0
228.60		0
228.80		0
229.00		0
229.20		0
229.40		0
229.60		0
229.80		0
230.00		0
230.20		0
230.40		0
230.60		0
230.80		0
231.00		0
231.20		0
231.40		0
231.60		0
231.80		0
232.00		0
232.20		0
232.40		0
232.60		0
232.80		0
233.00		0
233.20		0
233.40		0
233.60		0
233.80		0
234.00		0
234.20		0
234.40		0
234.60		0
234.80		0
235.00		0
235.20		0
235.40		0
235.60		2
235.80		0
236.00		0
236.20		0
236.40		0
236.60		0
236.80		0
237.00		2
237.20		0
237.40		0
237.60		0
237.80		0
238.00		0
238.20		0
238.40		0
238.60		0
238.80		0
239.00		0
239.20		0
239.40		0
239.60		0
239.80		0
240.00		0
240.20		0
240.40		0
240.60		0
240.80		0
241.00		0
241.20		0
241.40		0
241.60		0
241.80		0
242.00		0
242.20		0
242.40		0
242.60		0
242.80		0
243.00		0
243.20		0
243.40		0
243.60		0
243.80		0
244.00		0
244.20		0
244.40		0
244.60		0
244.80		0
245.00		0
245.20		0
245.40		0
245.60		0
245.80		0
246.00		0
246.20		0
246.40		0
246.60		0
246.80		0
247.00		0
247.20		2
247.40		0
247.60		0
247.80		0
248.00		0
248.20		0
248.40		0
248.60		0
248.80		0
249.00		0
249.20		0
249.40		0
249.60		0
249.80		0
250.00		0
250.20		0
250.40		0
250.60		0
250.80		0
251.00		0
251.20		0
251.40		0
251.60		0
251.80		0
252.00		0
252.20		0
252.40		0
252.60		0
252.80		0
253.00		0
253.20		0
253.40		0
253.60		0
253.80		0
254.00		0
254.20		0
254.40		0
254.60		0
254.80		0
255.00		0
255.20		0
255.40		0
255.60		0
255.80		0
256.00		0
256.20		0
256.40		0
256.60		0
256.80		0
257.00		0
257.20		0
257.40		0
257.60		0
257.80		0
258.00		0
258.20		0
258.40		0
258.60		0
258.80		0
259.00		0
259.20		0
259.40		0
259.60		0
259.80		0
260.00		0
260.20		0
260.40		0
260.60		0
260.80		0
261.00		0
261.20		0
261.40		0
261.60		0
261.80		0
262.00		0
262.20		0
262.40		0
262.60		0
262.80		0
263.00		0
263.20		0
263.40		0
263.60		2
263.80		0
264.00		0
264.20		0
264.40		0
264.60		0
264.80		0
265.00		4
265.20		0
265.40		2
265.60		0
265.80		0
266.00		0
266.20		0
266.40		0
266.60		0
266.80		0
267.00		0
267.20		0
267.40		0
267.60		0
267.80		0
268.00		0
268.20		0
268.40		0
268.60		0
268.80		0
269.00		0
269.20		0
269.40		0
269.60		0
269.80		0
270.00		0
270.20		0
270.40		0
270.60		0
270.80		0
271.00		0
271.20		0
271.40		0
271.60		0
271.80		0
272.00		0
272.20		0
272.40		0
272.60		0
272.80		0
273.00		0
273.20		0
273.40		0
273.60		0
273.80		0
274.00		0
274.20		0
274.40		0
274.60		0
274.80		0
275.00		0
275.20		0
275.40		0
275.60		0
275.80		0
276.00		0
276.20		0
276.40		0
276.60		0
276.80		0
277.00		0
277.20		0
277.40		0
277.60		0
277.80		0
278.00		0
278.20		2
278.40		0
278.60		0
278.80		0
279.00		0
279.20		0
279.40		0
279.60		0
279.80		0
280.00		0
280.20		0
280.40		0
280.60		0
280.80		0
281.00		0
281.20		0
281.40		2
281.60		0
281.80		0
282.00		0
282.20		0
282.40		0
282.60		0
282.80		0
283.00		0
283.20		0
283.40		0
283.60		2
283.80		0
284.00		0
284.20		0
284.40		0
284.60		0
284.80		0
285.00		0
285.20		0
285.40		0
285.60		0
285.80		2
286.00		0
286.20		0
286.40		0
286.60		0
286.80		2
287.00		0
287.20		0
287.40		0
287.60		0
287.80		0
288.00		0
288.20		0
288.40		0
288.60		0
288.80		0
289.00		0
289.20		0
289.40		0
289.60		0
289.80		0
290.00		0
290.20		0
290.40		0
290.60		0
290.80		0
291.00		0
291.20		0
291.40		0
291.60		0
291.80		0
292.00		0
292.20		0
292.40		0
292.60		2
292.80		0
293.00		0
293.20		0
293.40		0
293.60		0
293.80		0
294.00		0
294.20		0
294.40		2
294.60		0
294.80		0
295.00		0
295.20		0
295.40		0
295.60		0
295.80		0
296.00		0
296.20		0
296.40		0
296.60		0
296.80		0
297.00		0
297.20		0
297.40		0
297.60		0
297.80		0
298.00		0
298.20		0
298.40		0
298.60		0
298.80		0
299.00		0
299.20		0
299.40		0
299.60		0
299.80		0
300.00		0
300.20		0
300.40		0
300.60		0
300.80		0
301.00		0
301.20		0
301.40		0
301.60		0
301.80		0
302.00		0
302.20		0
302.40		0
302.60		0
302.80		0
303.00		0
303.20		0
303.40		0
303.60		0
303.80		0
304.00		0
304.20		0
304.40		0
304.60		0
304.80		0
305.00		0
305.20		0
305.40		0
305.60		0
305.80		0
306.00		0
306.20		0
306.40		0
306.60		0
306.80		0
307.00		0
307.20		0
307.40		0
307.60		0
307.80		0
308.00		0
308.20		0
308.40		0
308.60		0
308.80		0
309.00		0
309.20		2
309.40		0
309.60		0
309.80		0
310.00		0
310.20		0
310.40		0
310.60		0
310.80		0
311.00		0
311.20		0
311.40		0
311.60		0
311.80		0
312.00		0
312.20		0
312.40		0
312.60		0
312.80		0
313.00		0
313.20		2
313.40		0
313.60		0
313.80		0
314.00		0
314.20		0
314.40		0
314.60		0
314.80		0
315.00		0
315.20		0
315.40		0
315.60		0
315.80		0
316.00		0
316.20		0
316.40		0
316.60		0
316.80		0
317.00		0
317.20		0
317.40		0
317.60		0
317.80		0
318.00		0
318.20		0
318.40		0
318.60		0
318.80		0
319.00		0
319.20		0
319.40		0
319.60		0
319.80		0
320.00		0
320.20		0
320.40		0
320.60		2
320.80		0
321.00		0
321.20		0
321.40		0
321.60		0
321.80		0
322.00		0
322.20		0
322.40		0
322.60		0
322.80		0
323.00		0
323.20		0
323.40		0
323.60		0
323.80		0
324.00		0
324.20		0
324.40		0
324.60		0
324.80		0
325.00		0
325.20		0
325.40		0
325.60		0
325.80		0
326.00		0
326.20		0
326.40		0
326.60		0
326.80		0
327.00		0
327.20		0
327.40		0
327.60		0
327.80		0
328.00		0
328.20		0
328.40		0
328.60		0
328.80		0
329.00		0
329.20		0
329.40		0
329.60		0
329.80		0
330.00		0
330.20		0
330.40		0
330.60		0
330.80		0
331.00		0
331.20		0
331.40		0
331.60		0
331.80		0
332.00		0
332.20		0
332.40		0
332.60		0
332.80		0
333.00		0
333.20		0
333.40		0
333.60		0
333.80		0
334.00		0
334.20		0
334.40		0
334.60		0
334.80		0
335.00		0
335.20		2
335.40		0
335.60		0
335.80		0
336.00		0
336.20		0
336.40		0
336.60		0
336.80		0
337.00		2
337.20		0
337.40		0
337.60		0
337.80		0
338.00		0
338.20		0
338.40		0
338.60		0
338.80		0
339.00		0
339.20		0
339.40		0
339.60		0
339.80		0
340.00		0
340.20		0
340.40		0
340.60		0
340.80		0
341.00		0
341.20		0
341.40		0
341.60		0
341.80		0
342.00		0
342.20		0
342.40		0
342.60		0
342.80		0
343.00		0
343.20		0
343.40		0
343.60		0
343.80		0
344.00		0
344.20		0
344.40		0
344.60		0
344.80		0
345.00		0
345.20		0
345.40		0
345.60		0
345.80		0
346.00		0
346.20		0
346.40		0
346.60		0
346.80		0
347.00		0
347.20		0
347.40		0
347.60		0
347.80		0
348.00		0
348.20		0
348.40		0
348.60		0
348.80		0
349.00		0
349.20		0
349.40		0
349.60		0
349.80		0
350.00		0
350.20		0
350.40		0
350.60		0
350.80		0
351.00		0
351.20		0
351.40		0
351.60		0
351.80		0
352.00		0
352.20		0
352.40		0
352.60		0
352.80		0
353.00		0
353.20		0
353.40		0
353.60		0
353.80		0
354.00		0
354.20		0
354.40		0
354.60		0
354.80		0
355.00		0
355.20		0
355.40		0
355.60		0
355.80		0
356.00		0
356.20		0
356.40		0
356.60		0
356.80		0
357.00		0
357.20		0
357.40		0
357.60		0
357.80		0
358.00		0
358.20		0
358.40		0
358.60		0
358.80		0
359.00		0
359.20		0
359.40		0
359.60		0
359.80		0
360.00		0
360.20		0
360.40		0
360.60		0
360.80		0
361.00		0
361.20		0
361.40		0
361.60		0
361.80		0
362.00		0
362.20		0
362.40		0
362.60		0
362.80		0
363.00		0
363.20		0
363.40		0
363.60		0
363.80		0
364.00		0
364.20		0
364.40		0
364.60		0
364.80		0
365.00		0
365.20		0
365.40		0
365.60		0
365.80		0
366.00		0
366.20		0
366.40		0
366.60		0
366.80		0
367.00		0
367.20		0
367.40		0
367.60		0
367.80		0
368.00		0
368.20		0
368.40		0
368.60		0
368.80		0
369.00		0
369.20		0
369.40		0
369.60		0
369.80		0
370.00		0
370.20		0
370.40		0
370.60		0
370.80		0
371.00		2
371.20		0
371.40		0
371.60		0
371.80		0
372.00		0
372.20		0
372.40		0
372.60		0
372.80		0
373.00		0
373.20		0
373.40		0
373.60		0
373.80		0
374.00		0
374.20		0
374.40		0
374.60		0
374.80		0
375.00		0
375.20		0
375.40		0
375.60		0
375.80		0
376.00		0
376.20		0
376.40		0
376.60		0
376.80		0
377.00		0
377.20		0
377.40		0
377.60		0
377.80		0
378.00		0
378.20		0
378.40		0
378.60		0
378.80		0
379.00		0
379.20		0
379.40		0
379.60		0
379.80		0
380.00		0
380.20		0
380.40		0
380.60		0
380.80		0
381.00		0
381.20		0
381.40		0
381.60		0
381.80		0
382.00		0
382.20		0
382.40		0
382.60		0
382.80		0
383.00		0
383.20		0
383.40		0
383.60		0
383.80		0
384.00		0
384.20		0
384.40		0
384.60		0
384.80		0
385.00		0
385.20		0
385.40		0
385.60		0
385.80		0
386.00		0
386.20		0
386.40		0
386.60		0
386.80		0
387.00		0
387.20		0
387.40		0
387.60		0
387.80		0
388.00		0
388.20		0
388.40		0
388.60		0
388.80		0
389.00		0
389.20		0
389.40		0
389.60		0
389.80		0
390.00		0
390.20		2
390.40		0
390.60		0
390.80		0
391.00		0
391.20		0
391.40		0
391.60		0
391.80		0
392.00		0
392.20		0
392.40		0
392.60		0
392.80		0
393.00		0
393.20		2
393.40		0
393.60		0
393.80		0
394.00		0
394.20		0
394.40		0
394.60		2
394.80		0
395.00		0
395.20		0
395.40		0
395.60		0
395.80		0
396.00		0
396.20		0
396.40		0
396.60		0
396.80		0
397.00		0
397.20		0
397.40		0
397.60		0
397.80		0
398.00		0
398.20		0
398.40		0
398.60		0
398.80		0
399.00		0
399.20		0
399.40		0
399.60		0
399.80		0
400.00		0
400.20		0
400.40		0
400.60		0
400.80		0
401.00		0
401.20		0
401.40		0
401.60		0
401.80		0
402.00		0
402.20		0
402.40		0
402.60		0
402.80		0
403.00		3
403.20		0
403.40		0
403.60		0
403.80		0
404.00		0
404.20		0
404.40		0
404.60		0
404.80		0
405.00		0
405.20		0
405.40		0
405.60		0
405.80		0
406.00		0
406.20		0
406.40		0
406.60		0
406.80		0
407.00		2
407.20		0
407.40		0
407.60		0
407.80		0
408.00		0
408.20		0
408.40		0
408.60		0
408.80		0
409.00		0
409.20		0
409.40		0
409.60		0
409.80		0
410.00		0
410.20		0
410.40		0
410.60		0
410.80		0
411.00		0
411.20		2
411.40		0
411.60		0
411.80		0
412.00		0
412.20		0
412.40		0
412.60		0
412.80		0
413.00		0
413.20		3
413.40		0
413.60		0
413.80		0
414.00		0
414.20		2
414.40		0
414.60		0
414.80		0
415.00		0
415.20		2
415.40		0
415.60		0
415.80		0
416.00		0
416.20		0
416.40		0
416.60		0
416.80		0
417.00		0
417.20		0
417.40		0
417.60		0
417.80		0
418.00		0
418.20		0
418.40		0
418.60		0
418.80		0
419.00		2
419.20		0
419.40		0
419.60		0
419.80		0
420.00		0
420.20		0
420.40		0
420.60		0
420.80		0
421.00		0
421.20		0
421.40		2
421.60		0
421.80		0
422.00		0
422.20		0
422.40		0
422.60		0
422.80		0
423.00		2
423.20		0
423.40		0
423.60		0
423.80		0
424.00		0
424.20		0
424.40		0
424.60		0
424.80		0
425.00		2
425.20		0
425.40		0
425.60		0
425.80		0
426.00		0
426.20		0
426.40		0
426.60		0
426.80		0
427.00		0
427.20		0
427.40		0
427.60		0
427.80		0
428.00		0
428.20		0
428.40		0
428.60		0
428.80		0
429.00		4
429.20		10
429.40		0
429.60		0
429.80		0
430.00		0
430.20		0
430.40		0
430.60		0
430.80		0
431.00		0
431.20		4
431.40		0
431.60		0
431.80		0
432.00		0
432.20		0
432.40		0
432.60		0
432.80		0
433.00		0
433.20		0
433.40		0
433.60		0
433.80		0
434.00		0
434.20		0
434.40		0
434.60		0
434.80		2
435.00		0
435.20		0
435.40		0
435.60		0
435.80		0
436.00		0
436.20		3
436.40		0
436.60		0
436.80		0
437.00		2
437.20		0
437.40		0
437.60		0
437.80		0
438.00		0
438.20		0
438.40		0
438.60		0
438.80		0
439.00		2
439.20		0
439.40		0
439.60		0
439.80		0
440.00		2
440.20		0
440.40		0
440.60		0
440.80		0
441.00		2
441.20		0
441.40		2
441.60		0
441.80		0
442.00		0
442.20		0
442.40		0
442.60		0
442.80		0
443.00		0
443.20		0
443.40		0
443.60		0
443.80		0
444.00		0
444.20		2
444.40		0
444.60		0
444.80		0
445.00		0
445.20		2
445.40		0
445.60		0
445.80		0
446.00		0
446.20		0
446.40		0
446.60		0
446.80		0
447.00		2
447.20		0
447.40		0
447.60		0
447.80		0
448.00		0
448.20		0
448.40		0
448.60		0
448.80		0
449.00		2
449.20		0
449.40		0
449.60		2
449.80		0
450.00		0
450.20		0
450.40		0
450.60		0
450.80		0
451.00		0
451.20		0
451.40		0
451.60		0
451.80		0
452.00		0
452.20		0
452.40		0
452.60		0
452.80		0
453.00		0
453.20		6
453.40		0
453.60		0
453.80		0
454.00		0
454.20		0
454.40		0
454.60		0
454.80		0
455.00		0
455.20		0
455.40		0
455.60		0
455.80		0
456.00		0
456.20		0
456.40		0
456.60		0
456.80		0
457.00		2
457.20		6
457.40		0
457.60		2
457.80		0
458.00		0
458.20		2
458.40		0
458.60		0
458.80		0
459.00		0
459.20		0
459.40		0
459.60		0
459.80		0
460.00		0
460.20		2
460.40		0
460.60		0
460.80		0
461.00		0
461.20		0
461.40		0
461.60		0
461.80		0
462.00		2
462.20		0
462.40		0
462.60		0
462.80		0
463.00		2
463.20		4
463.40		0
463.60		0
463.80		0
464.00		0
464.20		2
464.40		2
464.60		0
464.80		0
465.00		2
465.20		2
465.40		0
465.60		0
465.80		0
466.00		0
466.20		0
466.40		0
466.60		0
466.80		0
467.00		4
467.20		4
467.40		0
467.60		0
467.80		0
468.00		0
468.20		0
468.40		0
468.60		0
468.80		0
469.00		2
469.20		3
469.40		0
469.60		0
469.80		0
470.00		0
470.20		0
470.40		0
470.60		0
470.80		0
471.00		4
471.20		0
471.40		2
471.60		0
471.80		0
472.00		0
472.20		2
472.40		0
472.60		0
472.80		0
473.00		0
473.20		2
473.40		0
473.60		0
473.80		0
474.00		0
474.20		2
474.40		0
474.60		0
474.80		0
475.00		2
475.20		4
475.40		0
475.60		0
475.80		0
476.00		0
476.20		2
476.40		0
476.60		0
476.80		0
477.00		2
477.20		4
477.40		0
477.60		0
477.80		0
478.00		0
478.20		0
478.40		0
478.60		0
478.80		0
479.00		0
479.20		2
479.40		0
479.60		0
479.80		0
480.00		0
480.20		0
480.40		0
480.60		2
480.80		0
481.00		0
481.20		2
481.40		0
481.60		0
481.80		0
482.00		0
482.20		0
482.40		0
482.60		0
482.80		0
483.00		2
483.20		2
483.40		0
483.60		0
483.80		0
484.00		2
484.20		0
484.40		0
484.60		0
484.80		0
485.00		2
485.20		6
485.40		0
485.60		0
485.80		0
486.00		2
486.20		0
486.40		0
486.60		0
486.80		0
487.00		0
487.20		2
487.40		0
487.60		0
487.80		0
488.00		0
488.20		2
488.40		0
488.60		0
488.80		0
489.00		0
489.20		8
489.40		0
489.60		0
489.80		0
490.00		0
490.20		0
490.40		0
490.60		0
490.80		0
491.00		0
491.20		0
491.40		0
491.60		0
491.80		0
492.00		3
492.20		0
492.40		0
492.60		0
492.80		0
493.00		27
493.20		4
493.40		0
493.60		0
493.80		0
494.00		4
494.20		0
494.40		0
494.60		0
494.80		0
495.00		2
495.20		2
495.40		0
495.60		0
495.80		0
496.00		0
496.20		0
496.40		0
496.60		0
496.80		0
497.00		0
497.20		0
497.40		0
497.60		0
497.80		0
498.00		0
498.20		0
498.40		0
498.60		0
498.80		0
499.00		4
499.20		0
499.40		0
499.60		0
499.80		0
500.00		0
500.20		0
500.40		0
500.60		0
500.80		0
501.00		0
501.20		2
501.40		0
501.60		0
501.80		0
502.00		0
502.20		0
502.40		0
502.60		0
502.80		0
503.00		2
503.20		0
503.40		0
503.60		0
503.80		0
504.00		0
504.20		0
504.40		0
504.60		0
504.80		0
505.00		4
505.20		2
505.40		0
505.60		0
505.80		0
506.00		2
506.20		0
506.40		0
506.60		0
506.80		0
507.00		0
507.20		4
507.40		0
507.60		0
507.80		2
508.00		2
508.20		0
508.40		0
508.60		0
508.80		0
509.00		4
509.20		0
509.40		0
509.60		0
509.80		0
510.00		0
510.20		4
510.40		0
510.60		0
510.80		0
511.00		2
511.20		4
511.40		0
511.60		0
511.80		0
512.00		0
512.20		0
512.40		0
512.60		0
512.80		0
513.00		2
513.20		0
513.40		0
513.60		0
513.80		0
514.00		0
514.20		2
514.40		0
514.60		0
514.80		0
515.00		4
515.20		2
515.40		0
515.60		2
515.80		0
516.00		0
516.20		4
516.40		0
516.60		0
516.80		0
517.00		0
517.20		4
517.40		0
517.60		0
517.80		0
518.00		0
518.20		2
518.40		0
518.60		0
518.80		0
519.00		2
519.20		4
519.40		0
519.60		0
519.80		0
520.00		2
520.20		2
520.40		0
520.60		0
520.80		0
521.00		4
521.20		11
521.40		2
521.60		0
521.80		0
522.00		0
522.20		0
522.40		11
522.60		4
522.80		2
523.00		2
523.20		2
523.40		2
523.60		2
523.80		0
524.00		0
524.20		2
524.40		0
524.60		0
524.80		0
525.00		2
525.20		8
525.40		0
525.60		0
525.80		0
526.00		0
526.20		0
526.40		0
526.60		0
526.80		0
527.00		2
527.20		0
527.40		0
527.60		0
527.80		0
528.00		0
528.20		0
528.40		0
528.60		0
528.80		0
529.00		0
529.20		5
529.40		0
529.60		0
529.80		0
530.00		0
530.20		0
530.40		0
530.60		0
530.80		0
531.00		0
531.20		2
531.40		0
531.60		0
531.80		2
532.00		0
532.20		0
532.40		0
532.60		2
532.80		0
533.00		2
533.20		2
533.40		2
533.60		0
533.80		0
534.00		0
534.20		0
534.40		0
534.60		0
534.80		0
535.00		8
535.20		0
535.40		2
535.60		0
535.80		0
536.00		0
536.20		2
536.40		0
536.60		0
536.80		0
537.00		0
537.20		5
537.40		0
537.60		0
537.80		0
538.00		0
538.20		0
538.40		0
538.60		0
538.80		0
539.00		7
539.20		7
539.40		0
539.60		0
539.80		0
540.00		0
540.20		0
540.40		0
540.60		0
540.80		0
541.00		4
541.20		2
541.40		0
541.60		0
541.80		0
542.00		2
542.20		0
542.40		2
542.60		0
542.80		0
543.00		4
543.20		0
543.40		0
543.60		0
543.80		0
544.00		2
544.20		0
544.40		0
544.60		0
544.80		0
545.00		0
545.20		0
545.40		0
545.60		0
545.80		0
546.00		0
546.20		0
546.40		0
546.60		0
546.80		2
547.00		0
547.20		3
547.40		0
547.60		0
547.80		0
548.00		0
548.20		2
548.40		0
548.60		0
548.80		0
549.00		0
549.20		2
549.40		0
549.60		0
549.80		0
550.00		2
550.20		2
550.40		0
550.60		24
550.80		0
551.00		4
551.20		0
551.40		0
551.60		5
551.80		0
552.00		0
552.20		2
552.40		4
552.60		0
552.80		0
553.00		0
553.20		2
553.40		0
553.60		0
553.80		0
554.00		0
554.20		0
554.40		0
554.60		0
554.80		0
555.00		6
555.20		2
555.40		2
555.60		0
555.80		0
556.00		2
556.20		2
556.40		0
556.60		0
556.80		0
557.00		4
557.20		4
557.40		0
557.60		0
557.80		0
558.00		2
558.20		2
558.40		0
558.60		0
558.80		2
559.00		4
559.20		0
559.40		0
559.60		0
559.80		0
560.00		0
560.20		0
560.40		0
560.60		0
560.80		0
561.00		6
561.20		0
561.40		0
561.60		0
561.80		0
562.00		0
562.20		0
562.40		0
562.60		0
562.80		0
563.00		2
563.20		2
563.40		0
563.60		0
563.80		0
564.00		0
564.20		0
564.40		2
564.60		0
564.80		0
565.00		0
565.20		2
565.40		0
565.60		0
565.80		0
566.00		2
566.20		0
566.40		0
566.60		0
566.80		2
567.00		3
567.20		2
567.40		0
567.60		0
567.80		0
568.00		0
568.20		0
568.40		0
568.60		0
568.80		0
569.00		6
569.20		4
569.40		2
569.60		0
569.80		0
570.00		0
570.20		2
570.40		0
570.60		0
570.80		0
571.00		4
571.20		0
571.40		0
571.60		0
571.80		0
572.00		0
572.20		0
572.40		0
572.60		0
572.80		0
573.00		2
573.20		0
573.40		0
573.60		0
573.80		2
574.00		2
574.20		0
574.40		0
574.60		0
574.80		0
575.00		0
575.20		2
575.40		0
575.60		0
575.80		0
576.00		5
576.20		0
576.40		2
576.60		0
576.80		0
577.00		0
577.20		6
577.40		8
577.60		0
577.80		0
578.00		0
578.20		0
578.40		0
578.60		0
578.80		0
579.00		3
579.20		0
579.40		4
579.60		0
579.80		0
580.00		2
580.20		0
580.40		2
580.60		2
580.80		2
581.00		2
581.20		0
581.40		0
581.60		0
581.80		0
582.00		4
582.20		0
582.40		0
582.60		0
582.80		2
583.00		6
583.20		0
583.40		0
583.60		0
583.80		0
584.00		0
584.20		3
584.40		0
584.60		0
584.80		2
585.00		0
585.20		0
585.40		0
585.60		0
585.80		2
586.00		2
586.20		0
586.40		0
586.60		0
586.80		2
587.00		6
587.20		2
587.40		0
587.60		0
587.80		0
588.00		2
588.20		0
588.40		0
588.60		0
588.80		0
589.00		2
589.20		0
589.40		0
589.60		0
589.80		0
590.00		2
590.20		0
590.40		0
590.60		0
590.80		0
591.00		4
591.20		0
591.40		2
591.60		0
591.80		0
592.00		0
592.20		0
592.40		2
592.60		0
592.80		0
593.00		6
593.20		0
593.40		2
593.60		0
593.80		0
594.00		2
594.20		0
594.40		0
594.60		0
594.80		0
595.00		0
595.20		0
595.40		0
595.60		0
595.80		0
596.00		0
596.20		2
596.40		0
596.60		0
596.80		0
597.00		2
597.20		0
597.40		0
597.60		0
597.80		0
598.00		0
598.20		2
598.40		0
598.60		0
598.80		0
599.00		2
599.20		0
599.40		0
599.60		0
599.80		0
600.00		8
600.20		2
600.40		0
600.60		0
600.80		0
601.00		3
601.20		2
601.40		0
601.60		0
601.80		0
602.00		2
602.20		0
602.40		0
602.60		0
602.80		0
603.00		0
603.20		2
603.40		0
603.60		2
603.80		0
604.00		0
604.20		0
604.40		0
604.60		0
604.80		0
605.00		68
605.20		0
605.40		0
605.60		0
605.80		0
606.00		9
606.20		2
606.40		0
606.60		0
606.80		0
607.00		18
607.20		0
607.40		4
607.60		2
607.80		0
608.00		7
608.20		0
608.40		0
608.60		0
608.80		0
609.00		0
609.20		0
609.40		0
609.60		0
609.80		0
610.00		2
610.20		0
610.40		0
610.60		0
610.80		0
611.00		3
611.20		6
611.40		0
611.60		0
611.80		0
612.00		0
612.20		0
612.40		2
612.60		0
612.80		0
613.00		6
613.20		0
613.40		0
613.60		0
613.80		0
614.00		2
614.20		0
614.40		0
614.60		0
614.80		0
615.00		5
615.20		0
615.40		0
615.60		0
615.80		0
616.00		9
616.20		4
616.40		0
616.60		0
616.80		0
617.00		2
617.20		0
617.40		0
617.60		0
617.80		0
618.00		0
618.20		0
618.40		0
618.60		0
618.80		2
619.00		7
619.20		0
619.40		4
619.60		0
619.80		0
620.00		2
620.20		0
620.40		0
620.60		0
620.80		0
621.00		7
621.20		0
621.40		0
621.60		0
621.80		0
622.00		2
622.20		0
622.40		0
622.60		0
622.80		0
623.00		9
623.20		2
623.40		0
623.60		0
623.80		0
624.00		2
624.20		2
624.40		0
624.60		0
624.80		2
625.00		6
625.20		4
625.40		0
625.60		0
625.80		0
626.00		2
626.20		0
626.40		0
626.60		0
626.80		0
627.00		13
627.20		2
627.40		0
627.60		0
627.80		0
628.00		2
628.20		0
628.40		0
628.60		0
628.80		0
629.00		3
629.20		3
629.40		0
629.60		0
629.80		0
630.00		0
630.20		0
630.40		0
630.60		0
630.80		0
631.00		4
631.20		0
631.40		0
631.60		0
631.80		0
632.00		0
632.20		0
632.40		0
632.60		0
632.80		4
633.00		6
633.20		0
633.40		2
633.60		0
633.80		0
634.00		8
634.20		0
634.40		0
634.60		0
634.80		2
635.00		9
635.20		0
635.40		0
635.60		0
635.80		0
636.00		4
636.20		0
636.40		0
636.60		0
636.80		0
637.00		2
637.20		0
637.40		0
637.60		0
637.80		0
638.00		6
638.20		2
638.40		0
638.60		0
638.80		0
639.00		5
639.20		2
639.40		0
639.60		2
639.80		2
640.00		4
640.20		0
640.40		2
640.60		0
640.80		0
641.00		2
641.20		0
641.40		0
641.60		0
641.80		0
642.00		13
642.20		0
642.40		0
642.60		0
642.80		0
643.00		7
643.20		0
643.40		0
643.60		0
643.80		0
644.00		3
644.20		4
644.40		0
644.60		0
644.80		0
645.00		2
645.20		0
645.40		2
645.60		0
645.80		0
646.00		4
646.20		0
646.40		2
646.60		0
646.80		0
647.00		6
647.20		2
647.40		2
647.60		0
647.80		0
648.00		6
648.20		0
648.40		0
648.60		0
648.80		0
649.00		3
649.20		0
649.40		0
649.60		0
649.80		0
650.00		0
650.20		0
650.40		0
650.60		0
650.80		0
651.00		5
651.20		2
651.40		0
651.60		0
651.80		0
652.00		4
652.20		0
652.40		0
652.60		0
652.80		0
653.00		7
653.20		2
653.40		0
653.60		0
653.80		0
654.00		5
654.20		0
654.40		0
654.60		0
654.80		0
655.00		4
655.20		0
655.40		2
655.60		0
655.80		0
656.00		192
656.20		2
656.40		0
656.60		0
656.80		0
657.00		83
657.20		0
657.40		0
657.60		0
657.80		0
658.00		20
658.20		4
658.40		0
658.60		0
658.80		2
659.00		0
659.20		0
659.40		0
659.60		0
659.80		0
660.00		4
660.20		2
660.40		0
660.60		0
660.80		0
661.00		4
661.20		0
661.40		0
661.60		2
661.80		0
662.00		6
662.20		2
662.40		0
662.60		0
662.80		0
663.00		2
663.20		2
663.40		0
663.60		0
663.80		0
664.00		6
664.20		2
664.40		0
664.60		0
664.80		0
665.00		6
665.20		2
665.40		2
665.60		0
665.80		0
666.00		0
666.20		0
666.40		0
666.60		0
666.80		0
667.00		6
667.20		2
667.40		0
667.60		0
667.80		0
668.00		0
668.20		0
668.40		0
668.60		0
668.80		0
669.00		7
669.20		0
669.40		0
669.60		0
669.80		0
670.00		4
670.20		0
670.40		0
670.60		0
670.80		2
671.00		2
671.20		2
671.40		2
671.60		0
671.80		0
672.00		19
672.20		0
672.40		0
672.60		0
672.80		2
673.00		12
673.20		2
673.40		0
673.60		2
673.80		0
674.00		6
674.20		0
674.40		2
674.60		0
674.80		0
675.00		11
675.20		0
675.40		2
675.60		0
675.80		0
676.00		4
676.20		0
676.40		0
676.60		0
676.80		0
677.00		9
677.20		0
677.40		0
677.60		2
677.80		0
678.00		4
678.20		0
678.40		0
678.60		0
678.80		2
679.00		3
679.20		0
679.40		2
679.60		0
679.80		0
680.00		6
680.20		0
680.40		2
680.60		0
680.80		0
681.00		0
681.20		5
681.40		0
681.60		0
681.80		0
682.00		11
682.20		0
682.40		0
682.60		0
682.80		0
683.00		8
683.20		3
683.40		0
683.60		0
683.80		4
684.00		7
684.20		0
684.40		0
684.60		0
684.80		2
685.00		8
685.20		2
685.40		0
685.60		0
685.80		0
686.00		9
686.20		0
686.40		0
686.60		0
686.80		0
687.00		2
687.20		2
687.40		0
687.60		0
687.80		0
688.00		4
688.20		0
688.40		0
688.60		0
688.80		0
689.00		2
689.20		0
689.40		2
689.60		0
689.80		0
690.00		0
690.20		0
690.40		0
690.60		0
690.80		0
691.00		29
691.20		6
691.40		2
691.60		0
691.80		0
692.00		8
692.20		0
692.40		0
692.60		0
692.80		0
693.00		13
693.20		6
693.40		2
693.60		0
693.80		0
694.00		5
694.20		0
694.40		0
694.60		0
694.80		0
695.00		6
695.20		2
695.40		0
695.60		0
695.80		0
696.00		6
696.20		0
696.40		0
696.60		0
696.80		0
697.00		6
697.20		0
697.40		3
697.60		0
697.80		0
698.00		6
698.20		0
698.40		0
698.60		0
698.80		2
699.00		6
699.20		0
699.40		0
699.60		0
699.80		0
700.00		3
700.20		2
700.40		0
700.60		0
700.80		0
701.00		6
701.20		0
701.40		4
701.60		0
701.80		0
702.00		4
702.20		0
702.40		0
702.60		0
702.80		0
703.00		2
703.20		2
703.40		0
703.60		0
703.80		0
704.00		60
704.20		5
704.40		0
704.60		0
704.80		0
705.00		29
705.20		2
705.40		6
705.60		2
705.80		0
706.00		8
706.20		2
706.40		2
706.60		0
706.80		2
707.00		16
707.20		0
707.40		4
707.60		0
707.80		0
708.00		4
708.20		5
708.40		0
708.60		0
708.80		0
709.00		17
709.20		0
709.40		0
709.60		0
709.80		0
710.00		4
710.20		2
710.40		0
710.60		0
710.80		0
711.00		9
711.20		2
711.40		0
711.60		0
711.80		0
712.00		2
712.20		0
712.40		0
712.60		0
712.80		0
713.00		12
713.20		0
713.40		0
713.60		0
713.80		0
714.00		9
714.20		0
714.40		0
714.60		0
714.80		2
715.00		17
715.20		0
715.40		2
715.60		0
715.80		0
716.00		9
716.20		0
716.40		2
716.60		0
716.80		0
717.00		9
717.20		4
717.40		0
717.60		0
717.80		0
718.00		6
718.20		0
718.40		0
718.60		0
718.80		0
719.00		9
719.20		0
719.40		3
719.60		0
719.80		0
720.00		7
720.20		0
720.40		0
720.60		0
720.80		0
721.00		8
721.20		0
721.40		2
721.60		0
721.80		2
722.00		10
722.20		0
722.40		0
722.60		0
722.80		0
723.00		4
723.20		2
723.40		0
723.60		0
723.80		0
724.00		9
724.20		0
724.40		0
724.60		0
724.80		0
725.00		5
725.20		0
725.40		0
725.60		0
725.80		0
726.00		41
726.20		3
726.40		0
726.60		0
726.80		0
727.00		15
727.20		5
727.40		0
727.60		0
727.80		0
728.00		4
728.20		4
728.40		2
728.60		0
728.80		0
729.00		12
729.20		2
729.40		0
729.60		0
729.80		0
730.00		12
730.20		2
730.40		0
730.60		0
730.80		2
731.00		5
731.20		2
731.40		0
731.60		0
731.80		2
732.00		5
732.20		2
732.40		0
732.60		0
732.80		0
733.00		6
733.20		0
733.40		2
733.60		2
733.80		0
734.00		0
734.20		0
734.40		0
734.60		2
734.80		0
735.00		5
735.20		0
735.40		0
735.60		0
735.80		0
736.00		10
736.20		0
736.40		0
736.60		0
736.80		0
737.00		6
737.20		2
737.40		0
737.60		0
737.80		2
738.00		8
738.20		3
738.40		0
738.60		0
738.80		2
739.00		10
739.20		2
739.40		0
739.60		0
739.80		0
740.00		2
740.20		0
740.40		0
740.60		0
740.80		0
741.00		2
741.20		0
741.40		0
741.60		0
741.80		0
742.00		10
742.20		2
742.40		2
742.60		0
742.80		0
743.00		13
743.20		2
743.40		2
743.60		0
743.80		3
744.00		11
744.20		0
744.40		0
744.60		0
744.80		0
745.00		8
745.20		2
745.40		0
745.60		0
745.80		0
746.00		11
746.20		2
746.40		0
746.60		0
746.80		4
747.00		8
747.20		0
747.40		0
747.60		0
747.80		0
748.00		4
748.20		4
748.40		2
748.60		0
748.80		0
749.00		11
749.20		0
749.40		3
749.60		0
749.80		2
750.00		15
750.20		4
750.40		0
750.60		0
750.80		2
751.00		17
751.20		2
751.40		0
751.60		0
751.80		0
752.00		11
752.20		0
752.40		0
752.60		0
752.80		0
753.00		14
753.20		0
753.40		0
753.60		0
753.80		0
754.00		6
754.20		2
754.40		0
754.60		0
754.80		0
755.00		7
755.20		2
755.40		0
755.60		0
755.80		4
756.00		6
756.20		2
756.40		0
756.60		0
756.80		0
757.00		10
757.20		0
757.40		0
757.60		0
757.80		0
758.00		11
758.20		4
758.40		0
758.60		0
758.80		0
759.00		6
759.20		6
759.40		0
759.60		2
759.80		0
760.00		10
760.20		2
760.40		0
760.60		0
760.80		0
761.00		15
761.20		0
761.40		0
761.60		0
761.80		0
762.00		7
762.20		0
762.40		2
762.60		0
762.80		0
763.00		2
763.20		0
763.40		2
763.60		0
763.80		2
764.00		11
764.20		0
764.40		0
764.60		0
764.80		0
765.00		13
765.20		3
765.40		0
765.60		0
765.80		2
766.00		2
766.20		0
766.40		0
766.60		0
766.80		0
767.00		15
767.20		2
767.40		0
767.60		0
767.80		0
768.00		10
768.20		0
768.40		0
768.60		0
768.80		2
769.00		4
769.20		2
769.40		0
769.60		0
769.80		0
770.00		9
770.20		0
770.40		0
770.60		0
770.80		0
771.00		12
771.20		6
771.40		5
771.60		0
771.80		0
772.00		10
772.20		0
772.40		2
772.60		0
772.80		0
773.00		7
773.20		2
773.40		0
773.60		0
773.80		2
774.00		13
774.20		0
774.40		0
774.60		0
774.80		0
775.00		14
775.20		0
775.40		2
775.60		0
775.80		5
776.00		8
776.20		2
776.40		0
776.60		0
776.80		0
777.00		18
777.20		0
777.40		0
777.60		0
777.80		2
778.00		2
778.20		2
778.40		2
778.60		0
778.80		4
779.00		20
779.20		2
779.40		0
779.60		0
779.80		0
780.00		8
780.20		0
780.40		0
780.60		0
780.80		0
781.00		16
781.20		4
781.40		0
781.60		2
781.80		4
782.00		16
782.20		0
782.40		0
782.60		0
782.80		0
783.00		36
783.20		2
783.40		0
783.60		0
783.80		0
784.00		22
784.20		6
784.40		0
784.60		0
784.80		0
785.00		23
785.20		0
785.40		2
785.60		0
785.80		0
786.00		5
786.20		11
786.40		0
786.60		0
786.80		2
787.00		15
787.20		2
787.40		2
787.60		0
787.80		2
788.00		16
788.20		6
788.40		0
788.60		0
788.80		0
789.00		17
789.20		6
789.40		0
789.60		0
789.80		5
790.00		17
790.20		0
790.40		0
790.60		0
790.80		6
791.00		15
791.20		0
791.40		0
791.60		0
791.80		2
792.00		14
792.20		2
792.40		0
792.60		0
792.80		4
793.00		15
793.20		6
793.40		0
793.60		0
793.80		0
794.00		10
794.20		0
794.40		0
794.60		0
794.80		2
795.00		19
795.20		2
795.40		0
795.60		0
795.80		4
796.00		16
796.20		4
796.40		0
796.60		0
796.80		5
797.00		23
797.20		2
797.40		0
797.60		0
797.80		5
798.00		27
798.20		6
798.40		0
798.60		0
798.80		2
799.00		22
799.20		2
799.40		0
799.60		0
799.80		5
800.00		16
800.20		2
800.40		4
800.60		0
800.80		4
801.00		29
801.20		4
801.40		0
801.60		0
801.80		0
802.00		15
802.20		9
802.40		0
802.60		0
802.80		2
803.00		20
803.20		6
803.40		6
803.60		0
803.80		4
804.00		23
804.20		3
804.40		0
804.60		0
804.80		2
805.00		20
805.20		5
805.40		0
805.60		0
805.80		6
806.00		15
806.20		2
806.40		2
806.60		2
806.80		0
807.00		23
807.20		0
807.40		2
807.60		0
807.80		0
808.00		17
808.20		4
808.40		0
808.60		0
808.80		2
809.00		38
809.20		4
809.40		0
809.60		0
809.80		2
810.00		21
810.20		2
810.40		0
810.60		0
810.80		0
811.00		21
811.20		0
811.40		2
811.60		0
811.80		0
812.00		34
812.20		2
812.40		0
812.60		0
812.80		4
813.00		25
813.20		2
813.40		0
813.60		0
813.80		2
814.00		18
814.20		7
814.40		0
814.60		0
814.80		0
815.00		22
815.20		2
815.40		2
815.60		0
815.80		2
816.00		41
816.20		6
816.40		0
816.60		2
816.80		6
817.00		24
817.20		4
817.40		0
817.60		0
817.80		6
818.00		29
818.20		6
818.40		4
818.60		0
818.80		8
819.00		35
819.20		4
819.40		0
819.60		0
819.80		2
820.00		29
820.20		12
820.40		0
820.60		0
820.80		2
821.00		22
821.20		6
821.40		6
821.60		3
821.80		7
822.00		25
822.20		6
822.40		0
822.60		0
822.80		0
823.00		32
823.20		2
823.40		0
823.60		0
823.80		5
824.00		18
824.20		4
824.40		0
824.60		0
824.80		13
825.00		42
825.20		11
825.40		0
825.60		0
825.80		6
826.00		25
826.20		4
826.40		0
826.60		2
826.80		4
827.00		48
827.20		8
827.40		0
827.60		0
827.80		6
828.00		29
828.20		8
828.40		0
828.60		0
828.80		6
829.00		45
829.20		2
829.40		2
829.60		0
829.80		3
830.00		28
830.20		4
830.40		0
830.60		0
830.80		4
831.00		45
831.20		5
831.40		0
831.60		0
831.80		7
832.00		67
832.20		8
832.40		0
832.60		0
832.80		5
833.00		47
833.20		9
833.40		0
833.60		0
833.80		7
834.00		50
834.20		2
834.40		0
834.60		0
834.80		5
835.00		37
835.20		11
835.40		4
835.60		2
835.80		2
836.00		39
836.20		7
836.40		0
836.60		0
836.80		3
837.00		54
837.20		4
837.40		0
837.60		0
837.80		5
838.00		43
838.20		14
838.40		0
838.60		0
838.80		0
839.00		41
839.20		5
839.40		0
839.60		0
839.80		7
840.00		33
840.20		6
840.40		0
840.60		0
840.80		8
841.00		38
841.20		8
841.40		0
841.60		0
841.80		6
842.00		27
842.20		2
842.40		0
842.60		0
842.80		0
843.00		60
843.20		9
843.40		0
843.60		0
843.80		4
844.00		23
844.20		9
844.40		0
844.60		0
844.80		14
845.00		107
845.20		23
845.40		0
845.60		0
845.80		13
846.00		66
846.20		9
846.40		3
846.60		0
846.80		4
847.00		70
847.20		10
847.40		2
847.60		0
847.80		14
848.00		64
848.20		13
848.40		2
848.60		0
848.80		4
849.00		71
849.20		14
849.40		0
849.60		0
849.80		5
850.00		46
850.20		15
850.40		2
850.60		0
850.80		9
851.00		51
851.20		4
851.40		0
851.60		0
851.80		6
852.00		33
852.20		4
852.40		0
852.60		0
852.80		6
853.00		57
853.20		10
853.40		0
853.60		0
853.80		7
854.00		52
854.20		12
854.40		0
854.60		0
854.80		5
855.00		39
855.20		9
855.40		0
855.60		0
855.80		4
856.00		46
856.20		9
856.40		0
856.60		0
856.80		11
857.00		64
857.20		15
857.40		0
857.60		0
857.80		8
858.00		59
858.20		4
858.40		0
858.60		0
858.80		19
859.00		57
859.20		11
859.40		2
859.60		2
859.80		4
860.00		61
860.20		4
860.40		0
860.60		0
860.80		12
861.00		49
861.20		12
861.40		0
861.60		2
861.80		8
862.00		48
862.20		7
862.40		2
862.60		0
862.80		10
863.00		50
863.20		8
863.40		3
863.60		0
863.80		3
864.00		48
864.20		14
864.40		0
864.60		0
864.80		9
865.00		67
865.20		17
865.40		0
865.60		0
865.80		13
866.00		39
866.20		9
866.40		0
866.60		0
866.80		14
867.00		308
867.20		22
867.40		0
867.60		6
867.80		11
868.00		147
868.20		14
868.40		0
868.60		0
868.80		8
869.00		118
869.20		21
869.40		0
869.60		0
869.80		10
870.00		80
870.20		6
870.40		0
870.60		0
870.80		2
871.00		75
871.20		23
871.40		0
871.60		0
871.80		5
872.00		53
872.20		13
872.40		0
872.60		0
872.80		6
873.00		57
873.20		10
873.40		5
873.60		0
873.80		4
874.00		63
874.20		18
874.40		0
874.60		0
874.80		7
875.00		72
875.20		13
875.40		0
875.60		0
875.80		14
876.00		59
876.20		10
876.40		2
876.60		0
876.80		10
877.00		70
877.20		19
877.40		0
877.60		0
877.80		5
878.00		58
878.20		10
878.40		0
878.60		0
878.80		15
879.00		66
879.20		14
879.40		0
879.60		2
879.80		7
880.00		138
880.20		13
880.40		2
880.60		0
880.80		14
881.00		101
881.20		12
881.40		0
881.60		0
881.80		8
882.00		88
882.20		22
882.40		0
882.60		2
882.80		9
883.00		103
883.20		12
883.40		0
883.60		0
883.80		4
884.00		65
884.20		11
884.40		0
884.60		0
884.80		13
885.00		62
885.20		9
885.40		0
885.60		2
885.80		6
886.00		72
886.20		9
886.40		3
886.60		0
886.80		14
887.00		63
887.20		17
887.40		0
887.60		0
887.80		17
888.00		48
888.20		10
888.40		0
888.60		0
888.80		10
889.00		85
889.20		9
889.40		0
889.60		2
889.80		8
890.00		58
890.20		15
890.40		0
890.60		0
890.80		16
891.00		64
891.20		9
891.40		0
891.60		0
891.80		2
892.00		55
892.20		13
892.40		4
892.60		0
892.80		10
893.00		80
893.20		9
893.40		0
893.60		2
893.80		5
894.00		53
894.20		12
894.40		2
894.60		0
894.80		7
895.00		64
895.20		16
895.40		0
895.60		0
895.80		8
896.00		84
896.20		8
896.40		0
896.60		2
896.80		6
897.00		75
897.20		12
897.40		2
897.60		0
897.80		12
898.00		56
898.20		11
898.40		0
898.60		2
898.80		4
899.00		72
899.20		18
899.40		4
899.60		4
899.80		8
900.00		82
900.20		19
900.40		0
900.60		0
900.80		13
901.00		77
901.20		21
901.40		0
901.60		0
901.80		7
902.00		163
902.20		21
902.40		0
902.60		2
902.80		16
903.00		85
903.20		6
903.40		2
903.60		0
903.80		6
904.00		87
904.20		15
904.40		5
904.60		0
904.80		16
905.00		95
905.20		28
905.40		2
905.60		0
905.80		12
906.00		66
906.20		9
906.40		4
906.60		0
906.80		6
907.00		70
907.20		14
907.40		0
907.60		2
907.80		5
908.00		46
908.20		17
908.40		2
908.60		0
908.80		4
909.00		56
909.20		10
909.40		2
909.60		4
909.80		11
910.00		56
910.20		5
910.40		0
910.60		2
910.80		12
911.00		88
911.20		15
911.40		3
911.60		0
911.80		16
912.00		75
912.20		8
912.40		2
912.60		0
912.80		9
913.00		73
913.20		18
913.40		0
913.60		2
913.80		16
914.00		53
914.20		10
914.40		2
914.60		0
914.80		12
915.00		230
915.20		59
915.40		0
915.60		0
915.80		13
916.00		132
916.20		25
916.40		3
916.60		2
916.80		15
917.00		90
917.20		46
917.40		2
917.60		2
917.80		15
918.00		100
918.20		31
918.40		0
918.60		0
918.80		18
919.00		89
919.20		19
919.40		2
919.60		2
919.80		11
920.00		76
920.20		16
920.40		0
920.60		0
920.80		9
921.00		66
921.20		18
921.40		4
921.60		0
921.80		6
922.00		61
922.20		6
922.40		2
922.60		2
922.80		9
923.00		72
923.20		19
923.40		0
923.60		2
923.80		6
924.00		78
924.20		19
924.40		0
924.60		0
924.80		12
925.00		83
925.20		18
925.40		2
925.60		0
925.80		6
926.00		66
926.20		17
926.40		2
926.60		0
926.80		5
927.00		77
927.20		18
927.40		2
927.60		0
927.80		17
928.00		71
928.20		14
928.40		0
928.60		0
928.80		16
929.00		66
929.20		8
929.40		0
929.60		2
929.80		12
930.00		64
930.20		22
930.40		0
930.60		0
930.80		20
931.00		102
931.20		19
931.40		0
931.60		0
931.80		7
932.00		61
932.20		21
932.40		2
932.60		2
932.80		10
933.00		96
933.20		17
933.40		0
933.60		0
933.80		3
934.00		70
934.20		11
934.40		2
934.60		2
934.80		19
935.00		89
935.20		17
935.40		4
935.60		2
935.80		6
936.00		55
936.20		18
936.40		5
936.60		2
936.80		19
937.00		109
937.20		19
937.40		2
937.60		2
937.80		4
938.00		92
938.20		11
938.40		0
938.60		0
938.80		8
939.00		76
939.20		20
939.40		0
939.60		0
939.80		10
940.00		65
940.20		12
940.40		0
940.60		0
940.80		14
941.00		75
941.20		27
941.40		2
941.60		0
941.80		10
942.00		70
942.20		16
942.40		0
942.60		4
942.80		12
943.00		77
943.20		17
943.40		0
943.60		6
943.80		4
944.00		57
944.20		12
944.40		2
944.60		0
944.80		7
945.00		72
945.20		16
945.40		2
945.60		0
945.80		14
946.00		54
946.20		13
946.40		0
946.60		0
946.80		10
947.00		73
947.20		15
947.40		0
947.60		2
947.80		10
948.00		69
948.20		21
948.40		2
948.60		7
948.80		13
949.00		77
949.20		13
949.40		0
949.60		0
949.80		11
950.00		66
950.20		15
950.40		4
950.60		0
950.80		17
951.00		88
951.20		24
951.40		0
951.60		4
951.80		12
952.00		60
952.20		16
952.40		0
952.60		2
952.80		15
953.00		86
953.20		17
953.40		0
953.60		2
953.80		5
954.00		59
954.20		16
954.40		0
954.60		2
954.80		11
955.00		63
955.20		18
955.40		0
955.60		0
955.80		6
956.00		67
956.20		17
956.40		0
956.60		2
956.80		8
957.00		71
957.20		20
957.40		2
957.60		2
957.80		6
958.00		61
958.20		11
958.40		2
958.60		0
958.80		15
959.00		80
959.20		14
959.40		2
959.60		2
959.80		23
960.00		66
960.20		8
960.40		5
960.60		0
960.80		10
961.00		81
961.20		18
961.40		2
961.60		0
961.80		6
962.00		56
962.20		20
962.40		0
962.60		7
962.80		10
963.00		104
963.20		37
963.40		2
963.60		7
963.80		7
964.00		55
964.20		27
964.40		0
964.60		9
964.80		13
965.00		70
965.20		22
965.40		0
965.60		8
965.80		7
966.00		80
966.20		6
966.40		4
966.60		6
966.80		4
967.00		59
967.20		16
967.40		2
967.60		9
967.80		17
968.00		72
968.20		18
968.40		0
968.60		0
968.80		4
969.00		86
969.20		15
969.40		4
969.60		10
969.80		17
970.00		64
970.20		18
970.40		2
970.60		2
970.80		2
971.00		83
971.20		19
971.40		4
971.60		4
971.80		10
972.00		80
972.20		20
972.40		0
972.60		0
972.80		13
973.00		62
973.20		15
973.40		0
973.60		0
973.80		18
974.00		71
974.20		22
974.40		2
974.60		0
974.80		7
975.00		82
975.20		19
975.40		0
975.60		2
975.80		7
976.00		61
976.20		16
976.40		7
976.60		0
976.80		19
977.00		71
977.20		5
977.40		0
977.60		4
977.80		9
978.00		81
978.20		16
978.40		0
978.60		4
978.80		9
979.00		70
979.20		23
979.40		2
979.60		6
979.80		12
980.00		86
980.20		23
980.40		0
980.60		0
980.80		8
981.00		74
981.20		21
981.40		6
981.60		0
981.80		6
982.00		49
982.20		25
982.40		2
982.60		0
982.80		14
983.00		74
983.20		23
983.40		4
983.60		4
983.80		2
984.00		73
984.20		10
984.40		0
984.60		6
984.80		9
985.00		72
985.20		17
985.40		0
985.60		0
985.80		6
986.00		67
986.20		28
986.40		2
986.60		2
986.80		5
987.00		66
987.20		28
987.40		2
987.60		0
987.80		7
988.00		71
988.20		12
988.40		0
988.60		0
988.80		15
989.00		79
989.20		27
989.40		0
989.60		0
989.80		11
990.00		67
990.20		15
990.40		2
990.60		0
990.80		12
991.00		63
991.20		15
991.40		2
991.60		4
991.80		6
992.00		68
992.20		21
992.40		5
992.60		0
992.80		19
993.00		73
993.20		15
993.40		0
993.60		4
993.80		6
994.00		104
994.20		32
994.40		0
994.60		0
994.80		4
995.00		90
995.20		15
995.40		0
995.60		5
995.80		9
996.00		75
996.20		16
996.40		4
996.60		0
996.80		6
997.00		73
997.20		20
997.40		2
997.60		4
997.80		5
998.00		63
998.20		12
998.40		0
998.60		2
998.80		11
999.00		57
999.20		21
999.40		2
999.60		6
999.80		11
1000.00		49
1000.20		21
1000.40		0
1000.60		0
1000.80		4
1001.00		86
1001.20		18
1001.40		0
1001.60		0
1001.80		18
1002.00		64
1002.20		11
1002.40		2
1002.60		6
1002.80		8
1003.00		64
1003.20		18
1003.40		0
1003.60		2
1003.80		7
1004.00		61
1004.20		26
1004.40		0
1004.60		2
1004.80		9
1005.00		87
1005.20		22
1005.40		2
1005.60		0
1005.80		20
1006.00		53
1006.20		18
1006.40		2
1006.60		0
1006.80		10
1007.00		69
1007.20		35
1007.40		2
1007.60		0
1007.80		11
1008.00		88
1008.20		33
1008.40		0
1008.60		0
1008.80		18
1009.00		94
1009.20		24
1009.40		6
1009.60		2
1009.80		12
1010.00		77
1010.20		28
1010.40		0
1010.60		2
1010.80		14
1011.00		89
1011.20		14
1011.40		2
1011.60		4
1011.80		6
1012.00		71
1012.20		13
1012.40		0
1012.60		0
1012.80		7
1013.00		79
1013.20		22
1013.40		0
1013.60		0
1013.80		9
1014.00		76
1014.20		25
1014.40		0
1014.60		0
1014.80		10
1015.00		68
1015.20		19
1015.40		0
1015.60		4
1015.80		14
1016.00		66
1016.20		14
1016.40		0
1016.60		0
1016.80		4
1017.00		80
1017.20		26
1017.40		0
1017.60		0
1017.80		9
1018.00		64
1018.20		13
1018.40		2
1018.60		0
1018.80		6
1019.00		73
1019.20		17
1019.40		2
1019.60		2
1019.80		8
1020.00		88
1020.20		12
1020.40		2
1020.60		0
1020.80		16
1021.00		67
1021.20		18
1021.40		2
1021.60		0
1021.80		5
1022.00		56
1022.20		10
1022.40		0
1022.60		0
1022.80		14
1023.00		73
1023.20		22
1023.40		0
1023.60		0
1023.80		7
1024.00		70
1024.20		14
1024.40		0
1024.60		0
1024.80		14
1025.00		80
1025.20		18
1025.40		4
1025.60		0
1025.80		7
1026.00		54
1026.20		14
1026.40		0
1026.60		0
1026.80		13
1027.00		93
1027.20		18
1027.40		0
1027.60		4
1027.80		5
1028.00		79
1028.20		12
1028.40		0
1028.60		2
1028.80		10
1029.00		105
1029.20		16
1029.40		0
1029.60		2
1029.80		5
1030.00		69
1030.20		8
1030.40		2
1030.60		0
1030.80		8
1031.00		76
1031.20		9
1031.40		0
1031.60		0
1031.80		13
1032.00		64
1032.20		14
1032.40		0
1032.60		2
1032.80		12
1033.00		72
1033.20		25
1033.40		2
1033.60		0
1033.80		11
1034.00		89
1034.20		13
1034.40		0
1034.60		2
1034.80		3
1035.00		75
1035.20		17
1035.40		0
1035.60		0
1035.80		11
1036.00		55
1036.20		13
1036.40		0
1036.60		4
1036.80		4
1037.00		72
1037.20		31
1037.40		0
1037.60		0
1037.80		2
1038.00		68
1038.20		17
1038.40		0
1038.60		0
1038.80		6
1039.00		59
1039.20		7
1039.40		0
1039.60		2
1039.80		12
1040.00		52
1040.20		32
1040.40		2
1040.60		0
1040.80		11
1041.00		77
1041.20		13
1041.40		2
1041.60		2
1041.80		7
1042.00		83
1042.20		9
1042.40		0
1042.60		0
1042.80		13
1043.00		136
1043.20		29
1043.40		0
1043.60		0
1043.80		9
1044.00		110
1044.20		16
1044.40		0
1044.60		2
1044.80		5
1045.00		82
1045.20		17
1045.40		2
1045.60		0
1045.80		9
1046.00		80
1046.20		22
1046.40		0
1046.60		0
1046.80		7
1047.00		77
1047.20		24
1047.40		2
1047.60		0
1047.80		12
1048.00		66
1048.20		18
1048.40		0
1048.60		2
1048.80		4
1049.00		89
1049.20		18
1049.40		0
1049.60		0
1049.80		8
1050.00		54
1050.20		16
1050.40		2
1050.60		2
1050.80		8
1051.00		68
1051.20		18
1051.40		0
1051.60		0
1051.80		9
1052.00		58
1052.20		14
1052.40		0
1052.60		0
1052.80		6
1053.00		63
1053.20		23
1053.40		3
1053.60		0
1053.80		12
1054.00		63
1054.20		14
1054.40		0
1054.60		2
1054.80		13
1055.00		51
1055.20		23
1055.40		0
1055.60		0
1055.80		12
1056.00		73
1056.20		12
1056.40		0
1056.60		0
1056.80		8
1057.00		65
1057.20		21
1057.40		0
1057.60		0
1057.80		6
1058.00		86
1058.20		22
1058.40		4
1058.60		0
1058.80		13
1059.00		70
1059.20		23
1059.40		0
1059.60		2
1059.80		8
1060.00		75
1060.20		19
1060.40		0
1060.60		2
1060.80		10
1061.00		72
1061.20		18
1061.40		2
1061.60		0
1061.80		9
1062.00		90
1062.20		32
1062.40		5
1062.60		0
1062.80		10
1063.00		86
1063.20		20
1063.40		0
1063.60		0
1063.80		2
1064.00		81
1064.20		18
1064.40		2
1064.60		2
1064.80		9
1065.00		71
1065.20		22
1065.40		2
1065.60		0
1065.80		5
1066.00		67
1066.20		11
1066.40		0
1066.60		0
1066.80		6
1067.00		91
1067.20		27
1067.40		0
1067.60		0
1067.80		8
1068.00		60
1068.20		22
1068.40		7
1068.60		0
1068.80		9
1069.00		62
1069.20		18
1069.40		0
1069.60		0
1069.80		4
1070.00		52
1070.20		13
1070.40		0
1070.60		0
1070.80		4
1071.00		56
1071.20		15
1071.40		2
1071.60		0
1071.80		5
1072.00		60
1072.20		18
1072.40		0
1072.60		0
1072.80		7
1073.00		62
1073.20		8
1073.40		0
1073.60		0
1073.80		12
1074.00		45
1074.20		17
1074.40		0
1074.60		2
1074.80		5
1075.00		63
1075.20		24
1075.40		0
1075.60		0
1075.80		6
1076.00		62
1076.20		23
1076.40		2
1076.60		0
1076.80		13
1077.00		73
1077.20		16
1077.40		0
1077.60		0
1077.80		11
1078.00		197
1078.20		31
1078.40		4
1078.60		3
1078.80		10
1079.00		154
1079.20		31
1079.40		2
1079.60		0
1079.80		0
1080.00		100
1080.20		25
1080.40		0
1080.60		2
1080.80		4
1081.00		77
1081.20		19
1081.40		2
1081.60		0
1081.80		8
1082.00		68
1082.20		20
1082.40		4
1082.60		0
1082.80		16
1083.00		60
1083.20		13
1083.40		2
1083.60		0
1083.80		13
1084.00		70
1084.20		20
1084.40		2
1084.60		2
1084.80		8
1085.00		69
1085.20		18
1085.40		2
1085.60		2
1085.80		8
1086.00		65
1086.20		7
1086.40		2
1086.60		2
1086.80		10
1087.00		35
1087.20		29
1087.40		2
1087.60		0
1087.80		0
1088.00		56
1088.20		20
1088.40		2
1088.60		2
1088.80		4
1089.00		75
1089.20		21
1089.40		2
1089.60		2
1089.80		5
1090.00		45
1090.20		15
1090.40		0
1090.60		2
1090.80		10
1091.00		77
1091.20		28
1091.40		0
1091.60		2
1091.80		6
1092.00		65
1092.20		17
1092.40		2
1092.60		0
1092.80		8
1093.00		66
1093.20		20
1093.40		0
1093.60		0
1093.80		5
1094.00		81
1094.20		26
1094.40		0
1094.60		0
1094.80		8
1095.00		58
1095.20		10
1095.40		0
1095.60		0
1095.80		6
1096.00		75
1096.20		18
1096.40		0
1096.60		0
1096.80		10
1097.00		62
1097.20		17
1097.40		0
1097.60		0
1097.80		11
1098.00		69
1098.20		23
1098.40		0
1098.60		0
1098.80		15
1099.00		50
1099.20		18
1099.40		2
1099.60		0
1099.80		2
1100.00		65
1100.20		5
1100.40		2
1100.60		0
1100.80		4
1101.00		51
1101.20		20
1101.40		0
1101.60		0
1101.80		4
1102.00		63
1102.20		23
1102.40		0
1102.60		0
1102.80		10
1103.00		61
1103.20		20
1103.40		0
1103.60		0
1103.80		11
1104.00		55
1104.20		19
1104.40		0
1104.60		0
1104.80		7
1105.00		49
1105.20		21
1105.40		5
1105.60		2
1105.80		7
1106.00		59
1106.20		25
1106.40		2
1106.60		2
1106.80		6
1107.00		65
1107.20		33
1107.40		0
1107.60		0
1107.80		2
1108.00		57
1108.20		26
1108.40		2
1108.60		0
1108.80		9
1109.00		40
1109.20		15
1109.40		2
1109.60		0
1109.80		11
1110.00		60
1110.20		13
1110.40		2
1110.60		0
1110.80		8
1111.00		67
1111.20		17
1111.40		0
1111.60		2
1111.80		9
1112.00		54
1112.20		19
1112.40		0
1112.60		0
1112.80		10
1113.00		96
1113.20		18
1113.40		2
1113.60		0
1113.80		17
1114.00		86
1114.20		20
1114.40		0
1114.60		2
1114.80		5
1115.00		56
1115.20		28
1115.40		4
1115.60		0
1115.80		5
1116.00		61
1116.20		14
1116.40		2
1116.60		0
1116.80		2
1117.00		40
1117.20		23
1117.40		0
1117.60		0
1117.80		6
1118.00		54
1118.20		10
1118.40		0
1118.60		0
1118.80		3
1119.00		54
1119.20		10
1119.40		0
1119.60		0
1119.80		7
1120.00		47
1120.20		22
1120.40		0
1120.60		0
1120.80		11
1121.00		50
1121.20		24
1121.40		0
1121.60		0
1121.80		7
1122.00		58
1122.20		14
1122.40		0
1122.60		0
1122.80		7
1123.00		63
1123.20		15
1123.40		0
1123.60		0
1123.80		5
1124.00		45
1124.20		17
1124.40		3
1124.60		0
1124.80		9
1125.00		59
1125.20		23
1125.40		0
1125.60		0
1125.80		3
1126.00		68
1126.20		27
1126.40		2
1126.60		0
1126.80		11
1127.00		68
1127.20		22
1127.40		0
1127.60		0
1127.80		4
1128.00		44
1128.20		37
1128.40		2
1128.60		2
1128.80		4
1129.00		54
1129.20		27
1129.40		0
1129.60		0
1129.80		3
1130.00		48
1130.20		18
1130.40		0
1130.60		0
1130.80		13
1131.00		46
1131.20		26
1131.40		0
1131.60		2
1131.80		4
1132.00		42
1132.20		14
1132.40		0
1132.60		0
1132.80		11
1133.00		53
1133.20		21
1133.40		0
1133.60		0
1133.80		10
1134.00		36
1134.20		9
1134.40		0
1134.60		0
1134.80		7
1135.00		58
1135.20		18
1135.40		2
1135.60		0
1135.80		13
1136.00		35
1136.20		14
1136.40		2
1136.60		2
1136.80		6
1137.00		58
1137.20		17
1137.40		0
1137.60		2
1137.80		16
1138.00		66
1138.20		13
1138.40		0
1138.60		2
1138.80		6
1139.00		57
1139.20		35
1139.40		2
1139.60		0
1139.80		4
1140.00		30
1140.20		25
1140.40		0
1140.60		0
1140.80		5
1141.00		51
1141.20		25
1141.40		2
1141.60		0
1141.80		4
1142.00		48
1142.20		32
1142.40		0
1142.60		0
1142.80		7
1143.00		44
1143.20		17
1143.40		0
1143.60		0
1143.80		2
1144.00		52
1144.20		20
1144.40		0
1144.60		0
1144.80		12
1145.00		58
1145.20		20
1145.40		0
1145.60		2
1145.80		4
1146.00		37
1146.20		17
1146.40		0
1146.60		2
1146.80		6
1147.00		52
1147.20		11
1147.40		0
1147.60		2
1147.80		6
1148.00		56
1148.20		27
1148.40		2
1148.60		0
1148.80		2
1149.00		61
1149.20		29
1149.40		0
1149.60		0
1149.80		10
1150.00		47
1150.20		14
1150.40		0
1150.60		0
1150.80		6
1151.00		45
1151.20		30
1151.40		0
1151.60		0
1151.80		7
1152.00		54
1152.20		14
1152.40		2
1152.60		3
1152.80		8
1153.00		46
1153.20		22
1153.40		0
1153.60		0
1153.80		7
1154.00		59
1154.20		7
1154.40		0
1154.60		3
1154.80		5
1155.00		56
1155.20		10
1155.40		0
1155.60		0
1155.80		11
1156.00		58
1156.20		13
1156.40		0
1156.60		0
1156.80		8
1157.00		63
1157.20		16
1157.40		0
1157.60		0
1157.80		6
1158.00		44
1158.20		20
1158.40		0
1158.60		0
1158.80		3
1159.00		44
1159.20		25
1159.40		2
1159.60		0
1159.80		2
1160.00		60
1160.20		11
1160.40		2
1160.60		0
1160.80		6
1161.00		51
1161.20		17
1161.40		0
1161.60		0
1161.80		9
1162.00		53
1162.20		17
1162.40		2
1162.60		0
1162.80		4
1163.00		47
1163.20		11
1163.40		0
1163.60		0
1163.80		5
1164.00		39
1164.20		11
1164.40		0
1164.60		0
1164.80		15
1165.00		55
1165.20		8
1165.40		0
1165.60		4
1165.80		14
1166.00		39
1166.20		13
1166.40		0
1166.60		0
1166.80		12
1167.00		39
1167.20		18
1167.40		0
1167.60		0
1167.80		5
1168.00		41
1168.20		11
1168.40		0
1168.60		0
1168.80		13
1169.00		43
1169.20		16
1169.40		0
1169.60		0
1169.80		7
1170.00		47
1170.20		13
1170.40		0
1170.60		0
1170.80		2
1171.00		44
1171.20		27
1171.40		0
1171.60		0
1171.80		0
1172.00		42
1172.20		22
1172.40		2
1172.60		0
1172.80		7
1173.00		34
1173.20		8
1173.40		0
1173.60		0
1173.80		0
1174.00		47
1174.20		24
1174.40		0
1174.60		0
1174.80		4
1175.00		32
1175.20		12
1175.40		0
1175.60		0
1175.80		13
1176.00		34
1176.20		12
1176.40		0
1176.60		0
1176.80		12
1177.00		42
1177.20		19
1177.40		2
1177.60		0
1177.80		6
1178.00		46
1178.20		10
1178.40		0
1178.60		2
1178.80		12
1179.00		37
1179.20		16
1179.40		0
1179.60		0
1179.80		2
1180.00		36
1180.20		17
1180.40		0
1180.60		0
1180.80		4
1181.00		38
1181.20		24
1181.40		0
1181.60		0
1181.80		3
1182.00		33
1182.20		10
1182.40		0
1182.60		0
1182.80		4
1183.00		38
1183.20		17
1183.40		2
1183.60		0
1183.80		6
1184.00		46
1184.20		15
1184.40		0
1184.60		0
1184.80		4
1185.00		38
1185.20		10
1185.40		0
1185.60		4
1185.80		10
1186.00		38
1186.20		18
1186.40		0
1186.60		2
1186.80		2
1187.00		45
1187.20		12
1187.40		4
1187.60		0
1187.80		6
1188.00		47
1188.20		18
1188.40		0
1188.60		2
1188.80		0
1189.00		36
1189.20		16
1189.40		0
1189.60		0
1189.80		6
1190.00		38
1190.20		13
1190.40		0
1190.60		0
1190.80		2
1191.00		47
1191.20		25
1191.40		2
1191.60		0
1191.80		6
1192.00		33
1192.20		24
1192.40		2
1192.60		0
1192.80		5
1193.00		38
1193.20		12
1193.40		0
1193.60		0
1193.80		8
1194.00		38
1194.20		5
1194.40		5
1194.60		0
1194.80		2
1195.00		23
1195.20		16
1195.40		0
1195.60		0
1195.80		9
1196.00		48
1196.20		15
1196.40		0
1196.60		0
1196.80		2
1197.00		37
1197.20		21
1197.40		4
1197.60		0
1197.80		9
1198.00		43
1198.20		12
1198.40		0
1198.60		0
1198.80		0
1199.00		43
1199.20		19
1199.40		2
1199.60		0
1199.80		10
1200.00		43
1200.20		18
1200.40		0
1200.60		0
1200.80		6
1201.00		51
1201.20		15
1201.40		0
1201.60		0
1201.80		4
1202.00		37
1202.20		12
1202.40		0
1202.60		0
1202.80		7
1203.00		47
1203.20		20
1203.40		2
1203.60		0
1203.80		4
1204.00		54
1204.20		19
1204.40		0
1204.60		0
1204.80		10
1205.00		40
1205.20		11
1205.40		0
1205.60		0
1205.80		7
1206.00		47
1206.20		17
1206.40		2
1206.60		2
1206.80		9
1207.00		40
1207.20		8
1207.40		0
1207.60		0
1207.80		0
1208.00		35
1208.20		13
1208.40		0
1208.60		0
1208.80		5
1209.00		21
1209.20		10
1209.40		0
1209.60		0
1209.80		6
1210.00		35
1210.20		15
1210.40		5
1210.60		0
1210.80		0
1211.00		39
1211.20		13
1211.40		2
1211.60		0
1211.80		6
1212.00		31
1212.20		14
1212.40		0
1212.60		0
1212.80		3
1213.00		40
1213.20		16
1213.40		0
1213.60		0
1213.80		6
1214.00		37
1214.20		10
1214.40		2
1214.60		0
1214.80		8
1215.00		42
1215.20		2
1215.40		0
1215.60		0
1215.80		5
1216.00		36
1216.20		19
1216.40		0
1216.60		0
1216.80		3
1217.00		34
1217.20		17
1217.40		0
1217.60		0
1217.80		2
1218.00		39
1218.20		15
1218.40		0
1218.60		2
1218.80		2
1219.00		34
1219.20		14
1219.40		0
1219.60		0
1219.80		8
1220.00		48
1220.20		5
1220.40		2
1220.60		0
1220.80		0
1221.00		46
1221.20		10
1221.40		3
1221.60		0
1221.80		7
1222.00		34
1222.20		16
1222.40		0
1222.60		0
1222.80		2
1223.00		45
1223.20		15
1223.40		2
1223.60		0
1223.80		2
1224.00		36
1224.20		19
1224.40		0
1224.60		0
1224.80		6
1225.00		44
1225.20		9
1225.40		0
1225.60		0
1225.80		3
1226.00		34
1226.20		15
1226.40		0
1226.60		0
1226.80		12
1227.00		49
1227.20		7
1227.40		0
1227.60		0
1227.80		2
1228.00		34
1228.20		5
1228.40		0
1228.60		0
1228.80		4
1229.00		25
1229.20		5
1229.40		0
1229.60		4
1229.80		4
1230.00		37
1230.20		16
1230.40		0
1230.60		0
1230.80		8
1231.00		31
1231.20		14
1231.40		0
1231.60		0
1231.80		7
1232.00		38
1232.20		8
1232.40		0
1232.60		0
1232.80		5
1233.00		40
1233.20		13
1233.40		2
1233.60		0
1233.80		6
1234.00		44
1234.20		15
1234.40		0
1234.60		0
1234.80		2
1235.00		38
1235.20		13
1235.40		0
1235.60		2
1235.80		0
1236.00		19
1236.20		4
1236.40		2
1236.60		0
1236.80		11
1237.00		36
1237.20		16
1237.40		0
1237.60		0
1237.80		6
1238.00		26
1238.20		15
1238.40		0
1238.60		0
1238.80		2
1239.00		21
1239.20		10
1239.40		0
1239.60		0
1239.80		9
1240.00		37
1240.20		15
1240.40		0
1240.60		0
1240.80		2
1241.00		36
1241.20		12
1241.40		0
1241.60		0
1241.80		6
1242.00		33
1242.20		12
1242.40		0
1242.60		0
1242.80		3
1243.00		33
1243.20		16
1243.40		4
1243.60		0
1243.80		2
1244.00		29
1244.20		10
1244.40		2
1244.60		2
1244.80		2
1245.00		27
1245.20		12
1245.40		0
1245.60		0
1245.80		3
1246.00		33
1246.20		20
1246.40		0
1246.60		0
1246.80		10
1247.00		38
1247.20		5
1247.40		2
1247.60		0
1247.80		0
1248.00		30
1248.20		12
1248.40		2
1248.60		0
1248.80		0
1249.00		38
1249.20		10
1249.40		2
1249.60		0
1249.80		2
1250.00		33
1250.20		12
1250.40		0
1250.60		0
1250.80		4
1251.00		28
1251.20		13
1251.40		0
1251.60		0
1251.80		9
1252.00		19
1252.20		11
1252.40		0
1252.60		0
1252.80		2
1253.00		34
1253.20		8
1253.40		0
1253.60		0
1253.80		6
1254.00		63
1254.20		9
1254.40		0
1254.60		0
1254.80		0
1255.00		48
1255.20		16
1255.40		0
1255.60		0
1255.80		0
1256.00		49
1256.20		14
1256.40		0
1256.60		0
1256.80		8
1257.00		35
1257.20		16
1257.40		0
1257.60		0
1257.80		5
1258.00		30
1258.20		15
1258.40		0
1258.60		0
1258.80		12
1259.00		30
1259.20		9
1259.40		0
1259.60		0
1259.80		5
1260.00		21
1260.20		10
1260.40		0
1260.60		0
1260.80		3
1261.00		30
1261.20		5
1261.40		0
1261.60		0
1261.80		5
1262.00		19
1262.20		13
1262.40		0
1262.60		0
1262.80		5
1263.00		26
1263.20		18
1263.40		0
1263.60		0
1263.80		7
1264.00		30
1264.20		11
1264.40		0
1264.60		0
1264.80		0
1265.00		16
1265.20		15
1265.40		0
1265.60		0
1265.80		5
1266.00		28
1266.20		14
1266.40		0
1266.60		0
1266.80		6
1267.00		32
1267.20		5
1267.40		2
1267.60		0
1267.80		4
1268.00		28
1268.20		21
1268.40		0
1268.60		0
1268.80		6
1269.00		22
1269.20		9
1269.40		0
1269.60		0
1269.80		2
1270.00		19
1270.20		10
1270.40		0
1270.60		0
1270.80		7
1271.00		35
1271.20		13
1271.40		0
1271.60		0
1271.80		4
1272.00		24
1272.20		12
1272.40		0
1272.60		0
1272.80		2
1273.00		19
1273.20		15
1273.40		0
1273.60		0
1273.80		0
1274.00		25
1274.20		15
1274.40		2
1274.60		0
1274.80		2
1275.00		35
1275.20		16
1275.40		0
1275.60		0
1275.80		4
1276.00		31
1276.20		8
1276.40		2
1276.60		0
1276.80		4
1277.00		32
1277.20		13
1277.40		0
1277.60		2
1277.80		7
1278.00		32
1278.20		10
1278.40		2
1278.60		0
1278.80		2
1279.00		25
1279.20		10
1279.40		0
1279.60		0
1279.80		0
1280.00		21
1280.20		4
1280.40		0
1280.60		0
1280.80		5
1281.00		24
1281.20		14
1281.40		0
1281.60		0
1281.80		0
1282.00		36
1282.20		9
1282.40		0
1282.60		0
1282.80		9
1283.00		26
1283.20		8
1283.40		0
1283.60		0
1283.80		5
1284.00		21
1284.20		10
1284.40		2
1284.60		0
1284.80		9
1285.00		21
1285.20		17
1285.40		0
1285.60		0
1285.80		4
1286.00		33
1286.20		10
1286.40		0
1286.60		0
1286.80		0
1287.00		11
1287.20		9
1287.40		0
1287.60		0
1287.80		5
1288.00		20
1288.20		9
1288.40		2
1288.60		0
1288.80		11
1289.00		69
1289.20		19
1289.40		0
1289.60		3
1289.80		3
1290.00		61
1290.20		25
1290.40		4
1290.60		0
1290.80		3
1291.00		39
1291.20		25
1291.40		0
1291.60		0
1291.80		2
1292.00		25
1292.20		12
1292.40		2
1292.60		0
1292.80		3
1293.00		30
1293.20		8
1293.40		0
1293.60		0
1293.80		0
1294.00		12
1294.20		7
1294.40		0
1294.60		0
1294.80		2
1295.00		36
1295.20		15
1295.40		0
1295.60		0
1295.80		0
1296.00		16
1296.20		6
1296.40		0
1296.60		0
1296.80		4
1297.00		17
1297.20		16
1297.40		0
1297.60		2
1297.80		4
1298.00		41
1298.20		5
1298.40		0
1298.60		0
1298.80		3
1299.00		41
1299.20		20
1299.40		0
1299.60		0
1299.80		2
1300.00		17
1300.20		14
1300.40		0
1300.60		0
1300.80		4
1301.00		30
1301.20		8
1301.40		0
1301.60		0
1301.80		0
1302.00		39
1302.20		16
1302.40		0
1302.60		0
1302.80		5
1303.00		29
1303.20		2
1303.40		0
1303.60		0
1303.80		0
1304.00		39
1304.20		10
1304.40		0
1304.60		0
1304.80		4
1305.00		46
1305.20		12
1305.40		0
1305.60		2
1305.80		4
1306.00		21
1306.20		2
1306.40		0
1306.60		4
1306.80		5
1307.00		17
1307.20		9
1307.40		0
1307.60		0
1307.80		0
1308.00		21
1308.20		3
1308.40		0
1308.60		0
1308.80		3
1309.00		24
1309.20		6
1309.40		2
1309.60		0
1309.80		3
1310.00		10
1310.20		0
1310.40		0
1310.60		0
1310.80		7
1311.00		32
1311.20		12
1311.40		0
1311.60		0
1311.80		0
1312.00		22
1312.20		8
1312.40		0
1312.60		0
1312.80		0
1313.00		19
1313.20		4
1313.40		0
1313.60		0
1313.80		5
1314.00		21
1314.20		0
1314.40		0
1314.60		0
1314.80		2
1315.00		23
1315.20		2
1315.40		0
1315.60		0
1315.80		7
1316.00		15
1316.20		5
1316.40		3
1316.60		0
1316.80		0
1317.00		16
1317.20		3
1317.40		0
1317.60		0
1317.80		4
1318.00		17
1318.20		8
1318.40		2
1318.60		0
1318.80		2
1319.00		16
1319.20		9
1319.40		0
1319.60		0
1319.80		0
1320.00		31
1320.20		9
1320.40		0
1320.60		0
1320.80		3
1321.00		23
1321.20		7
1321.40		0
1321.60		0
1321.80		0
1322.00		10
1322.20		9
1322.40		0
1322.60		0
1322.80		5
1323.00		26
1323.20		8
1323.40		2
1323.60		0
1323.80		5
1324.00		23
1324.20		17
1324.40		2
1324.60		0
1324.80		5
1325.00		32
1325.20		2
1325.40		0
1325.60		0
1325.80		0
1326.00		27
1326.20		4
1326.40		0
1326.60		0
1326.80		8
1327.00		15
1327.20		7
1327.40		2
1327.60		0
1327.80		0
1328.00		21
1328.20		4
1328.40		0
1328.60		0
1328.80		2
1329.00		12
1329.20		11
1329.40		0
1329.60		0
1329.80		0
1330.00		19
1330.20		11
1330.40		0
1330.60		0
1330.80		12
1331.00		17
1331.20		8
1331.40		0
1331.60		0
1331.80		0
1332.00		21
1332.20		11
1332.40		0
1332.60		0
1332.80		2
1333.00		22
1333.20		12
1333.40		0
1333.60		0
1333.80		4
1334.00		14
1334.20		4
1334.40		0
1334.60		0
1334.80		0
1335.00		19
1335.20		4
1335.40		0
1335.60		0
1335.80		2
1336.00		27
1336.20		5
1336.40		0
1336.60		0
1336.80		2
1337.00		20
1337.20		25
1337.40		0
1337.60		0
1337.80		0
1338.00		18
1338.20		4
1338.40		2
1338.60		0
1338.80		4
1339.00		20
1339.20		10
1339.40		0
1339.60		0
1339.80		0
1340.00		19
1340.20		8
1340.40		4
1340.60		0
1340.80		2
1341.00		17
1341.20		2
1341.40		4
1341.60		0
1341.80		0
1342.00		21
1342.20		9
1342.40		0
1342.60		0
1342.80		4
1343.00		21
1343.20		7
1343.40		0
1343.60		0
1343.80		2
1344.00		9
1344.20		7
1344.40		0
1344.60		0
1344.80		2
1345.00		17
1345.20		4
1345.40		2
1345.60		0
1345.80		0
1346.00		13
1346.20		8
1346.40		2
1346.60		0
1346.80		2
1347.00		23
1347.20		2
1347.40		0
1347.60		0
1347.80		2
1348.00		16
1348.20		7
1348.40		0
1348.60		0
1348.80		4
1349.00		15
1349.20		6
1349.40		0
1349.60		0
1349.80		0
1350.00		14
1350.20		13
1350.40		0
1350.60		0
1350.80		7
1351.00		13
1351.20		2
1351.40		0
1351.60		0
1351.80		4
1352.00		14
1352.20		9
1352.40		4
1352.60		0
1352.80		4
1353.00		14
1353.20		7
1353.40		0
1353.60		0
1353.80		0
1354.00		28
1354.20		12
1354.40		2
1354.60		0
1354.80		0
1355.00		31
1355.20		14
1355.40		0
1355.60		0
1355.80		2
1356.00		12
1356.20		15
1356.40		0
1356.60		0
1356.80		8
1357.00		25
1357.20		10
1357.40		0
1357.60		0
1357.80		0
1358.00		13
1358.20		7
1358.40		4
1358.60		0
1358.80		5
1359.00		21
1359.20		5
1359.40		0
1359.60		0
1359.80		2
1360.00		15
1360.20		19
1360.40		4
1360.60		0
1360.80		2
1361.00		11
1361.20		7
1361.40		0
1361.60		0
1361.80		0
1362.00		16
1362.20		4
1362.40		0
1362.60		0
1362.80		6
1363.00		14
1363.20		0
1363.40		2
1363.60		0
1363.80		2
1364.00		15
1364.20		13
1364.40		0
1364.60		0
1364.80		4
1365.00		23
1365.20		10
1365.40		0
1365.60		0
1365.80		4
1366.00		17
1366.20		6
1366.40		0
1366.60		0
1366.80		4
1367.00		8
1367.20		0
1367.40		0
1367.60		0
1367.80		2
1368.00		17
1368.20		9
1368.40		0
1368.60		0
1368.80		0
1369.00		17
1369.20		14
1369.40		2
1369.60		0
1369.80		0
1370.00		11
1370.20		12
1370.40		0
1370.60		0
1370.80		2
1371.00		8
1371.20		5
1371.40		0
1371.60		0
1371.80		2
1372.00		10
1372.20		12
1372.40		0
1372.60		0
1372.80		0
1373.00		14
1373.20		5
1373.40		0
1373.60		0
1373.80		2
1374.00		16
1374.20		12
1374.40		0
1374.60		0
1374.80		0
1375.00		9
1375.20		11
1375.40		2
1375.60		0
1375.80		0
1376.00		10
1376.20		8
1376.40		0
1376.60		0
1376.80		8
1377.00		20
1377.20		3
1377.40		0
1377.60		0
1377.80		8
1378.00		17
1378.20		6
1378.40		2
1378.60		0
1378.80		0
1379.00		25
1379.20		5
1379.40		0
1379.60		2
1379.80		7
1380.00		16
1380.20		5
1380.40		0
1380.60		0
1380.80		2
1381.00		19
1381.20		2
1381.40		0
1381.60		0
1381.80		3
1382.00		27
1382.20		4
1382.40		0
1382.60		0
1382.80		4
1383.00		24
1383.20		9
1383.40		2
1383.60		0
1383.80		2
1384.00		18
1384.20		4
1384.40		2
1384.60		0
1384.80		4
1385.00		17
1385.20		9
1385.40		0
1385.60		0
1385.80		2
1386.00		18
1386.20		3
1386.40		0
1386.60		0
1386.80		2
1387.00		21
1387.20		2
1387.40		0
1387.60		0
1387.80		2
1388.00		15
1388.20		15
1388.40		0
1388.60		0
1388.80		4
1389.00		13
1389.20		6
1389.40		0
1389.60		0
1389.80		2
1390.00		15
1390.20		9
1390.40		0
1390.60		0
1390.80		0
1391.00		17
1391.20		13
1391.40		0
1391.60		0
1391.80		0
1392.00		21
1392.20		8
1392.40		0
1392.60		0
1392.80		2
1393.00		16
1393.20		8
1393.40		2
1393.60		0
1393.80		2
1394.00		11
1394.20		2
1394.40		0
1394.60		0
1394.80		4
1395.00		13
1395.20		15
1395.40		0
1395.60		0
1395.80		0
1396.00		12
1396.20		5
1396.40		2
1396.60		0
1396.80		5
1397.00		19
1397.20		4
1397.40		0
1397.60		0
1397.80		2
1398.00		2
1398.20		8
1398.40		0
1398.60		0
1398.80		0
1399.00		26
1399.20		9
1399.40		0
1399.60		0
1399.80		0
1400.00		4
1400.20		6
1400.40		0
1400.60		0
1400.80		0
1401.00		12
1401.20		4
1401.40		0
1401.60		0
1401.80		2
1402.00		13
1402.20		4
1402.40		0
1402.60		0
1402.80		0
1403.00		11
1403.20		4
1403.40		0
1403.60		0
1403.80		5
1404.00		19
1404.20		4
1404.40		0
1404.60		0
1404.80		2
1405.00		7
1405.20		5
1405.40		4
1405.60		0
1405.80		2
1406.00		9
1406.20		5
1406.40		0
1406.60		0
1406.80		0
1407.00		13
1407.20		5
1407.40		0
1407.60		0
1407.80		0
1408.00		6
1408.20		4
1408.40		0
1408.60		0
1408.80		4
1409.00		15
1409.20		14
1409.40		0
1409.60		0
1409.80		0
1410.00		18
1410.20		0
1410.40		0
1410.60		0
1410.80		2
1411.00		10
1411.20		4
1411.40		0
1411.60		2
1411.80		0
1412.00		8
1412.20		0
1412.40		0
1412.60		0
1412.80		4
1413.00		24
1413.20		2
1413.40		0
1413.60		0
1413.80		4
1414.00		21
1414.20		4
1414.40		0
1414.60		0
1414.80		5
1415.00		12
1415.20		0
1415.40		4
1415.60		0
1415.80		4
1416.00		16
1416.20		5
1416.40		0
1416.60		0
1416.80		0
1417.00		22
1417.20		8
1417.40		2
1417.60		0
1417.80		2
1418.00		14
1418.20		8
1418.40		0
1418.60		0
1418.80		2
1419.00		18
1419.20		9
1419.40		0
1419.60		0
1419.80		0
1420.00		16
1420.20		4
1420.40		2
1420.60		0
1420.80		2
1421.00		13
1421.20		0
1421.40		0
1421.60		0
1421.80		4
1422.00		12
1422.20		6
1422.40		4
1422.60		0
1422.80		4
1423.00		23
1423.20		3
1423.40		0
1423.60		2
1423.80		0
1424.00		8
1424.20		2
1424.40		0
1424.60		0
1424.80		2
1425.00		9
1425.20		6
1425.40		0
1425.60		0
1425.80		2
1426.00		12
1426.20		0
1426.40		0
1426.60		0
1426.80		2
1427.00		25
1427.20		9
1427.40		0
1427.60		0
1427.80		3
1428.00		9
1428.20		6
1428.40		0
1428.60		0
1428.80		0
1429.00		9
1429.20		3
1429.40		0
1429.60		0
1429.80		4
1430.00		12
1430.20		4
1430.40		0
1430.60		0
1430.80		0
1431.00		15
1431.20		16
1431.40		2
1431.60		2
1431.80		7
1432.00		14
1432.20		6
1432.40		0
1432.60		0
1432.80		4
1433.00		12
1433.20		6
1433.40		0
1433.60		0
1433.80		4
1434.00		11
1434.20		2
1434.40		0
1434.60		0
1434.80		2
1435.00		13
1435.20		11
1435.40		0
1435.60		2
1435.80		2
1436.00		12
1436.20		4
1436.40		0
1436.60		0
1436.80		0
1437.00		15
1437.20		6
1437.40		0
1437.60		0
1437.80		2
1438.00		18
1438.20		2
1438.40		0
1438.60		0
1438.80		2
1439.00		5
1439.20		11
1439.40		0
1439.60		0
1439.80		4
1440.00		14
1440.20		3
1440.40		2
1440.60		0
1440.80		2
1441.00		25
1441.20		2
1441.40		0
1441.60		0
1441.80		2
1442.00		16
1442.20		4
1442.40		0
1442.60		0
1442.80		4
1443.00		14
1443.20		4
1443.40		0
1443.60		0
1443.80		0
1444.00		16
1444.20		5
1444.40		0
1444.60		0
1444.80		4
1445.00		8
1445.20		4
1445.40		2
1445.60		0
1445.80		4
1446.00		6
1446.20		5
1446.40		0
1446.60		0
1446.80		9
1447.00		19
1447.20		11
1447.40		0
1447.60		2
1447.80		2
1448.00		5
1448.20		13
1448.40		0
1448.60		0
1448.80		2
1449.00		11
1449.20		3
1449.40		0
1449.60		0
1449.80		3
1450.00		18
1450.20		5
1450.40		0
1450.60		0
1450.80		2
1451.00		10
1451.20		7
1451.40		0
1451.60		0
1451.80		0
1452.00		9
1452.20		5
1452.40		0
1452.60		0
1452.80		2
1453.00		11
1453.20		4
1453.40		0
1453.60		0
1453.80		2
1454.00		6
1454.20		0
1454.40		0
1454.60		0
1454.80		5
1455.00		15
1455.20		6
1455.40		0
1455.60		0
1455.80		2
1456.00		13
1456.20		2
1456.40		0
1456.60		0
1456.80		0
1457.00		10
1457.20		0
1457.40		0
1457.60		0
1457.80		0
1458.00		12
1458.20		3
1458.40		0
1458.60		0
1458.80		2
1459.00		18
1459.20		5
1459.40		0
1459.60		0
1459.80		2
1460.00		8
1460.20		2
1460.40		0
1460.60		0
1460.80		2
1461.00		8
1461.20		6
1461.40		0
1461.60		0
1461.80		0
1462.00		21
1462.20		8
1462.40		0
1462.60		0
1462.80		0
1463.00		4
1463.20		2
1463.40		0
1463.60		0
1463.80		0
1464.00		14
1464.20		2
1464.40		3
1464.60		0
1464.80		0
1465.00		14
1465.20		2
1465.40		0
1465.60		0
1465.80		4
1466.00		22
1466.20		4
1466.40		0
1466.60		0
1466.80		0
1467.00		9
1467.20		4
1467.40		0
1467.60		0
1467.80		0
1468.00		17
1468.20		2
1468.40		0
1468.60		0
1468.80		2
1469.00		11
1469.20		3
1469.40		0
1469.60		0
1469.80		2
1470.00		12
1470.20		4
1470.40		4
1470.60		2
1470.80		0
1471.00		8
1471.20		2
1471.40		0
1471.60		0
1471.80		2
1472.00		11
1472.20		9
1472.40		2
1472.60		2
1472.80		0
1473.00		15
1473.20		6
1473.40		0
1473.60		0
1473.80		0
1474.00		6
1474.20		5
1474.40		0
1474.60		0
1474.80		2
1475.00		4
1475.20		3
1475.40		0
1475.60		0
1475.80		0
1476.00		4
1476.20		10
1476.40		0
1476.60		0
1476.80		2
1477.00		6
1477.20		2
1477.40		0
1477.60		0
1477.80		0
1478.00		17
1478.20		2
1478.40		0
1478.60		0
1478.80		0
1479.00		12
1479.20		7
1479.40		0
1479.60		0
1479.80		0
1480.00		20
1480.20		0
1480.40		2
1480.60		0
1480.80		2
1481.00		17
1481.20		2
1481.40		2
1481.60		0
1481.80		4
1482.00		11
1482.20		5
1482.40		0
1482.60		0
1482.80		2
1483.00		12
1483.20		0
1483.40		0
1483.60		0
1483.80		0
1484.00		10
1484.20		9
1484.40		0
1484.60		0
1484.80		4
1485.00		18
1485.20		0
1485.40		0
1485.60		0
1485.80		4
1486.00		18
1486.20		6
1486.40		0
1486.60		0
1486.80		0
1487.00		13
1487.20		7
1487.40		0
1487.60		0
1487.80		2
1488.00		7
1488.20		5
1488.40		0
1488.60		0
1488.80		4
1489.00		10
1489.20		3
1489.40		0
1489.60		0
1489.80		2
1490.00		11
1490.20		4
1490.40		0
1490.60		0
1490.80		0
1491.00		14
1491.20		3
1491.40		2
1491.60		0
1491.80		0
1492.00		2
1492.20		5
1492.40		0
1492.60		0
1492.80		2
1493.00		10
1493.20		5
1493.40		0
1493.60		0
1493.80		4
1494.00		5
1494.20		5
1494.40		0
1494.60		0
1494.80		0
1495.00		11
1495.20		4
1495.40		0
1495.60		0
1495.80		0
1496.00		6
1496.20		3
1496.40		0
1496.60		0
1496.80		0
1497.00		11
1497.20		0
1497.40		0
1497.60		0
1497.80		0
1498.00		12
1498.20		5
1498.40		0
1498.60		0
1498.80		3
1499.00		9
1499.20		10
1499.40		0
1499.60		0
1499.80		2
1500.00		0
